::::::::::::::
jacobian.dat
::::::::::::::

  d X / d fi:

    0.499822    2.482257    4.126406    4.848939    5.017060    4.617333    3.754420    2.602098    1.350986

  d Y / d fi:

   13.000054   12.735576   11.596816    9.731891    7.738970    5.779322    3.975054    2.340382    0.780024

  d r_up_left / d fi:

    0.866017    0.866017    0.866017    0.866017    0.866017    0.866017    0.866017    0.866017    0.866017

::::::::::::::
A_reduced_jacobian.dat
::::::::::::::
   116.13327   220.73287    25.37370
   220.73287   675.57124    58.61035
    25.37370    58.61035     6.74986
::::::::::::::
B_reduced_jacobian.dat
::::::::::::::
     0.04820    -0.00012    -0.18015
    -0.00012     0.00600    -0.05166
    -0.18015    -0.05166     1.27396
::::::::::::::
pseudo_inverse_jacobian.dat
::::::::::::::
    -0.13346     0.03321     0.34159
    -0.03788     0.03139    -0.00187
     0.04149     0.02436    -0.23923
     0.07654     0.01309    -0.27304
     0.08487     0.00111    -0.20037
     0.06584    -0.01061    -0.02711
     0.02447    -0.02133     0.22155
    -0.03088    -0.03100     0.51360
    -0.09099    -0.04022     0.81960
